epoch (val_ndcg, val_hr, val_loss) (test_ndcg, test_hr)
5 A: (0.2932151214340268, 0.49013019739605207, 1.237583148841195) (0.25157393905850317, 0.4463110737785244) B: (0.2594636271541432, 0.4666106677866443, 1.1623783460914063) (0.22150105002958262, 0.40935181296374074) AB: (0.20875331294417554, 0.3945121097578048, 1.3356386917688492) (0.17218680297272554, 0.33375332493350135)
10 A: (0.3001537000276308, 0.497270054598908, 1.2997995904308732) (0.25996550034928817, 0.4556908861822764) B: (0.26575162602874036, 0.46955060898782025, 1.1930233287482506) (0.22540591239236166, 0.42111157776844466) AB: (0.21245009631690437, 0.3894722105557889, 1.3801053595921746) (0.17165056063239145, 0.3217135657286854)
15 A: (0.30885751917906074, 0.501609967800644, 1.416782851086208) (0.27533352322544496, 0.4743105137897242) B: (0.27522812627459914, 0.48075038499230016, 1.2373478935410058) (0.2347586845429133, 0.43063138737225254) AB: (0.2597539015608905, 0.45695086098278037, 1.3702377894921711) (0.22240128365135836, 0.3999720005599888)
20 A: (0.26752230573312735, 0.4482710345793084, 1.5283886732177108) (0.23481406780665887, 0.4005319893602128) B: (0.2765550832964631, 0.48425031499370014, 1.2538727134336831) (0.23811849694430248, 0.44057118857622846) AB: (0.2660036759580887, 0.46829063418731626, 1.4102203101316086) (0.22416373347372612, 0.41523169536609267)
25 A: (0.2896408183028818, 0.47991040179196415, 1.5018783705221677) (0.2507276411741852, 0.4365112697746045) B: (0.28198215789059794, 0.4863502729945401, 1.2956285772872007) (0.23982706651102187, 0.4313313733725325) AB: (0.2592288261167353, 0.4604507909841803, 1.4275894419921307) (0.22019254669825317, 0.40837183256334875)
30 A: (0.30945396668040653, 0.5083298334033319, 1.440784801361475) (0.2683401219630323, 0.4659106817863643) B: (0.28413515664147104, 0.4937701245975081, 1.2619579800884546) (0.24238344034340137, 0.4519109617807644) AB: (0.2662352776385647, 0.4744505109897802, 1.4831114122655802) (0.22959099873687683, 0.42209155816883664)
35 A: (0.3075783060281602, 0.505809883802324, 1.5584433449845045) (0.2736136538520054, 0.4727705445891082) B: (0.28440211529748055, 0.498530029399412, 1.319288307009467) (0.24810818582593347, 0.4633907321853563) AB: (0.26152449753675716, 0.4647907041859163, 1.5548850391104443) (0.22225030026380166, 0.4142517149657007)
40 A: (0.2588767142223939, 0.4600307993840123, 1.6365706274885934) (0.2162536890519005, 0.4008119837603248) B: (0.2884168492368171, 0.49671006579868404, 1.320980608179575) (0.24497817792892854, 0.4538709225815484) AB: (0.26842548872305483, 0.4737505249895002, 1.5123977036652538) (0.23282291169536526, 0.4285314293714126)
45 A: (0.3002523065615185, 0.4937701245975081, 1.5870179455103066) (0.26141876599876135, 0.45303093938121236) B: (0.29696811787557115, 0.5083298334033319, 1.2894803735449853) (0.25601618744162136, 0.46549069018619627) AB: (0.274988492326459, 0.4768304633907322, 1.53203504638029) (0.24216769637999114, 0.44029119417611645)
50 A: (0.310036541475444, 0.505809883802324, 1.5932675244013634) (0.2742222300132075, 0.47235055298894024) B: (0.3036861033708812, 0.5098698026039479, 1.3221318945695453) (0.26048929031526624, 0.46521069578608426) AB: (0.2688614932001657, 0.46703065938681226, 1.5635540883726855) (0.2312524732150494, 0.4267114657706846)
55 A: (0.3090006166420675, 0.510009799804004, 1.640452316443651) (0.26982267380486347, 0.46773064538709225) B: (0.28883151128471707, 0.498810023799524, 1.32076821797588) (0.24422730375849522, 0.44365112697746045) AB: (0.27588616030319196, 0.4782304353912922, 1.598980580116126) (0.24015875266753411, 0.43553128937421254)
60 A: (0.31079446533512756, 0.5122497550048999, 1.7153004985779887) (0.27902385397539387, 0.4750104997900042) B: (0.2901745328248179, 0.500489990200196, 1.3685779424503406) (0.2503459126104139, 0.45667086658266837) AB: (0.27524062936150573, 0.4759904801903962, 1.634794545350131) (0.23588732008230273, 0.4325913481730365)
65 A: (0.30261330529199004, 0.501889962200756, 1.758539499570246) (0.2667191717189026, 0.4660506789864203) B: (0.28584864497505247, 0.49769004619907603, 1.3542776317735288) (0.2494667946288555, 0.4645107097858043) AB: (0.27913527711674646, 0.48257034859302816, 1.6196929577325516) (0.2420677917757742, 0.44575108497830046)
70 A: (0.29991395994467346, 0.49139017219655606, 1.6692560300466712) (0.2611963783963261, 0.45779084418311633) B: (0.2001555922141369, 0.35699286014279713, 1.399198950705501) (0.17207406354080385, 0.3121937561248775) AB: (0.28034732023210546, 0.48257034859302816, 1.6472576856561005) (0.23690430704699916, 0.43273134537309255)
